Years 19thAverageTemp 20th AverageTemp
0 8.48 8.50
1 8.59 8.54
2 8.58 8.30
3 8.50 8.22
4 8.84 8.09
5 8.56 8.23
6 8.43 8.38
7 8.28 7.95
8 7.63 8.19
9 7.08 8.18
10 6.92 8.22
11 6.86 8.18
12 7.05 8.17
13 7.74 8.30
14 7.59 8.59
15 7.24 8.59
16 6.94 8.23
17 6.98 8.02
18 7.83 8.13
19 7.37 8.38
20 7.62 8.36
21 8.09 8.57
22 8.19 8.41
23 7.72 8.42
24 8.55 8.51
25 8.39 8.53
26 8.36 8.73
27 8.81 8.52
28 8.17 8.63
29 7.94 8.24
30 8.52 8.63
31 7.64 8.72
32 7.45 8.71
33 8.01 8.34
34 8.15 8.63
35 7.39 8.52
36 7.70 8.55
37 7.38 8.70
38 7.51 8.86
39 7.63 8.76
40 7.80 8.76
41 7.69 8.77
42 8.02 8.73
43 8.17 8.76
44 7.65 8.85
45 7.85 8.58
46 8.55 8.68
47 8.09 8.80
48 7.98 8.75
49 7.98 8.59
50 7.90 8.37
51 8.18 8.63
52 8.10 8.64
53 8.04 8.87
54 8.21 8.56
55 8.11 8.63
56 8.00 8.28
57 7.76 8.73
58 8.10 8.77
59 8.25 8.73
60 7.96 8.58
61 7.85 8.80
62 7.56 8.75
63 8.11 8.86
64 7.98 8.41
65 8.18 8.53
66 8.29 8.60
67 8.44 8.70
68 8.25 8.52
69 8.43 8.60
70 8.20 8.70
71 8.12 8.60
72 8.19 8.50
73 8.35 8.95
74 8.43 8.47
75 7.86 8.74
76 8.08 8.35
77 8.54 8.85
78 8.83 8.69
79 8.17 8.73
80 8.12 8.98
81 8.27 9.17
82 8.13 8.64
83 7.98 9.03
84 7.77 8.69
85 7.92 8.66
86 7.95 8.83
87 7.91 8.99
88 8.09 9.20
89 8.32 8.92
90 7.97 9.23
91 8.02 9.18
92 8.07 8.84
93 8.06 8.87
94 8.16 9.04
95 8.15 9.35
96 8.21 9.04
97 8.29 9.20
98 8.18 9.52
99 8.40 9.29
